0.024865945801139
0.073655739426613
0.021261688321829
0.11076203733683
-0.10212807357311
0.21617957949638
-0.0022930374834687
-0.10697712004185
-0.12467452138662
-0.017268814146519
0.071902818977833
-0.058031912893057
0.042442306876183
0.063026160001755
-0.036413822323084
-0.093785710632801
-0.036739151924849
0.12029531598091
0.081661656498909
-0.068480551242828
0.14558814466
-0.17447428405285
-0.0081576956436038
0.11178259551525
0.11158186197281
-0.072980396449566
-0.13942410051823
-0.09000164270401
0.01257842592895
0.066704273223877
0.081549033522606
-0.02737494930625
-0.12662197649479
-0.036504130810499
0.074766650795937
0.057469166815281
-0.18158526718616
-0.026063704863191
0.027978273108602
-0.089644633233547
-0.078622661530972
-0.028161443769932
-0.072054408490658
0.040836036205292
-0.0048654396086931
-0.12285011261702
0.068742170929909
0.0023273716215044
-0.15904453396797
-0.079927392303944
0.041672963649035
0.051257435232401
0.093801110982895
-0.036994215101004
0.0071673621423542
0.080845050513744
0.0097360853105783
0.16870559751987
0.069385714828968
-0.15994030237198
-0.003022653516382
0.15900295972824
0.17064936459064
-0.12677398324013
0.074456952512264
0.14799226820469
0.070498093962669
-0.080466724932194
-0.15329103171825
0.14543856680393
0.0039232675917447
0.060401953756809
-0.022564325481653
-0.031083542853594
-0.05723725259304
-0.081780560314655
0.0034959835465997
-0.11716108769178
0.042379543185234
0.081277206540108
-0.10860092192888
-0.04652288928628
-0.022994410246611
-0.14739742875099
-0.082575097680092
-0.035690125077963
-0.031447354704142
-0.12076333910227
0.031782127916813
0.0087972562760115
0.060240216553211
-0.059271719306707
0.10946188867092
-0.01251199375838
-0.012562591582537
-0.077898167073727
0.010839065536857
0.11086966842413
-0.0077319187112153
0.063626497983932
0.085737720131874
0.16063669323921
-0.027262924239039
-0.021308099851012
-0.0095763355493546
0.16462984681129
0.076592713594437
-0.021718893200159
0.015101693570614
-0.055083069950342
0.0047835647128522
0.021777059882879
-0.013363217003644
-0.086214110255241
0.092811845242977
0.066150039434433
-0.009420994669199
0.015946911647916
0.1112982109189
0.044625133275986
-0.046009920537472
-0.22790364921093
-0.04552123695612
-0.10591749101877
0.0022770212963223
0.17074733972549
0.093338519334793
0.055100664496422
