0.029925653710961
0.01155315618962
0.015508918091655
0.01076649967581
0.096545331180096
0.2054635733366
-0.0035253702662885
-0.090364560484886
-0.076344646513462
0.0029721835162491
-0.027189090847969
-0.00094313471345231
0.045336607843637
-0.082135863602161
0.021650940179825
0.056313272565603
-0.061632543802261
0.12895740568638
0.028647759929299
-0.10043649375439
0.26887503266335
0.013053997419775
-0.003152925055474
-0.007251441013068
0.12521404027939
-0.013434920459986
-0.18773706257343
-0.18645495176315
0.042139824479818
0.16044069826603
0.083713978528976
0.089156076312065
-0.077555328607559
0.008720962330699
0.19524608552456
-0.045062091201544
-0.010571449063718
-0.075063273310661
0.23966002464294
-0.15406745672226
0.011500349268317
-0.024526491761208
0.11241035908461
-0.00068234681384638
-0.013690453022718
-0.13737751543522
0.091255746781826
0.0073284520767629
-0.052899818867445
-0.10903861373663
0.061308212578297
-0.032639041543007
0.12849476933479
0.03133999556303
0.037536680698395
0.025158006697893
0.15121985971928
0.007394053041935
-0.061902020126581
-0.1754390001297
0.029471853747964
0.029267512261868
0.059509586542845
-0.066720485687256
0.04722186923027
0.056587744504213
-0.030205186456442
0.031817361712456
-0.01902480237186
0.0098658138886094
-0.0072491336613894
0.091832615435123
-0.11808726191521
-0.15546245872974
-0.085795067250729
0.0049783769063652
-0.085788562893867
-0.095521524548531
0.050069328397512
0.14496363699436
0.03535919636488
0.10724848508835
0.11222001165152
0.071630910038948
-0.0020230433437973
-0.011694102548063
0.052553962916136
0.04189819842577
0.0086638880893588
0.003376972861588
0.034524869173765
-0.008226060308516
-0.053769741207361
0.07770037651062
-0.15105360746384
-0.051219739019871
-0.049117140471935
0.20445454120636
-0.087622858583927
0.027633773162961
0.17764812707901
0.038332961499691
-0.01567998342216
0.041881307959557
0.05091406032443
0.014636340551078
0.041323829442263
0.030603369697928
0.034450642764568
0.053537253290415
-0.060224574059248
-0.088746935129166
-0.14237909018993
-0.060321379452944
0.12103705108166
0.11447962373495
-0.097960561513901
0.025872066617012
-0.070995397865772
0.03192326426506
0.093502312898636
-0.066946871578693
0.060986369848251
-0.13448072969913
-0.062855303287506
0.076145105063915
0.078571960330009
0.08433548361063
