0.065102450549603
0.11871910095215
0.18697342276573
0.053273350000381
-0.038953024893999
0.082003094255924
0.14457222819328
0.09919548034668
-0.014858946204185
-0.10302387177944
0.069581069052219
-0.062913253903389
0.068870022892952
-0.12380218505859
0.12015938013792
-0.032287746667862
-0.13504356145859
-0.037857074290514
-0.20869211852551
-0.0020696430001408
0.090072780847549
0.031745977699757
-0.0044339885935187
0.006380710285157
-0.0060726967640221
-0.2435140311718
-0.19429825246334
-0.018457941710949
0.0042062066495419
0.035933114588261
0.032528437674046
-0.029682200402021
-0.067662462592125
0.14549903571606
-0.0022011222317815
-0.070374116301537
0.033402245491743
-0.03027518838644
-0.04763575643301
0.10178011655807
0.070660337805748
-0.082034774124622
0.046359658241272
-0.0041462564840913
-0.043973807245493
-0.08401083946228
0.0068063260987401
-0.043924029916525
-0.053942278027534
0.15255379676819
0.025720026344061
-0.076821811497211
-0.15205092728138
0.079035013914108
-0.043993480503559
-0.019742360338569
-0.078150235116482
-0.033711280673742
-0.011580771766603
0.070209950208664
-0.069827206432819
0.0087534487247467
-0.10600670427084
-0.096693836152554
0.00079396611545235
-0.026105223223567
0.070532031357288
-0.16947057843208
-0.14273320138454
-0.039596099406481
0.02046450227499
0.055015861988068
0.046652738004923
0.10671111941338
0.034026503562927
-0.041050832718611
0.030013019219041
-0.068437449634075
0.016698891296983
0.14593383669853
0.067024685442448
-0.18813937902451
0.021707572042942
0.050509579479694
-0.024301880970597
0.15878537297249
0.013715093955398
-0.14904579520226
-0.096551477909088
0.066168896853924
0.06475105881691
-0.17014983296394
-0.068097434937954
-0.08028719574213
-0.1509265601635
-0.030768832191825
-0.08492386341095
-0.011189569719136
-0.033223204314709
0.11892694234848
-0.056752633303404
0.04410644993186
0.02840643003583
0.096531137824059
0.047932561486959
0.018218718469143
0.017358332872391
0.226243019104
0.031941588968039
-0.027299720793962
-0.075059354305267
-0.040497843176126
-0.11366209387779
0.0049738469533622
-0.051949694752693
0.043874409049749
0.12809497117996
0.14198070764542
-0.01301103644073
0.1169860959053
0.00044185019214638
0.024343017488718
-0.071844294667244
0.17244745790958
0.10299501568079
-0.095485426485538
0.055008519440889
0.027313608676195
